749
942
541
490 601
566 503
405 657
252 818
644
309
536
150 941
984 828
275
524 589
571 545
497
45
420
895
817 395
421
914
821
400
830
594
138 717
613
229
33
21
203
546
149
532
689 353
382 684
101 968
740 419
847 84
113
840 310
303
435
677
268
139
550
217
415 752
147 47
240
526
768
145
44 979
728
533
742
822
713
959
184
755
971
301
272
325
743
146 958
314
592
43
424 535
801 143
808 206
956 82
182 934
193
994
15 68
347
893
885 237
663
31 0
456
154
701 269
137 720
770 215
209
777
812
729
922
91 945
475 659
461 673
34
763 266
555
396
986
948
844
978
722
205
556
341 568
947 897
108 902
969
189
90
525 580
835 71
307 660
932 85
471 427
9
407 710
903 961
790
362
988 58
792
857 238
588
880
455 484
765 224
87
235
519
874
460
823
4
516
553 363
447 685
39
725
472
261
256 884
282
989
870
326
320
80 102
943 172
377
842
346
832 161
591
513 634
522 618
14
975
766
89
486
170
746
106
283
457
267
920 198
500
647
518 599
719
440
425
785
194
179
905
488
244 834
151 957
300
827
276
42
284
861 79
334
506
315
474 582
285 918
67 974
811
78
196
436
973 168
367
332
392 523
727
463
991 117
30 160
468
502
623
845
848
381
7
614
176
429
132
112
369
94 916
836
225
622 492
712
431
575
802
345 816
704
174
697 280
853 55
850
135
944
833 116
963
891 981
860
83
249 603
162 783
287
211
925
155 909
831
559
531
313
402 782
433
605
964
413 762
273 810
751 417
547 517
597
795 190
826
675 331
937 910
120
408 512
705 271
443 628
263 598
88 980
344 564
643 385
462
81
450
619 306
8 69
368 633
841 59
866 234
165 949
873 264
99 781
187
371 789
481 635
199 876
738
534 563
188 927
612 428
646
17
387
856 291
645
208
907
688
319
926
754
298
115 95
3
744 207
242 696
12 163
340
604
11
921
809
373 711
121
201
693
678
747
621
530
233
900
141
336 769
26 37
858 158
458 683
239
358
35
953 868
962
620 552
756
423
111
923
323
493
551
480
109
820
864
290 774
997
998
372 558
202
262 600
140
98
543 398
629
626
20 64
479
50
195 904
694
854
565
732
615 322
511 418
228
467
815
355 753
574
544 337
807
388 759
572 529
791
771
173 930
312
661 253
281
650
554
186
422 607
127
183 749
216
716 248
851
438 700
383 631
376 632
733
364
681 375
561
70
442
311
227 838
877
236 676
409 496
662 359
133 731
393
40 123
859
867
829
878
879 226
289 587
899
718
254
277
778
361
453
843
825 128
446
924
255
247
671
776
655
144 61
987
56
305
129 76
499
723
627
849
18 967
412
584
573 501
483
93 96
49 824
757
745
130 773
451
703 257
890
394 630
38
735 466
917
136
169 750
124 965
982 175
330 871
654
784
908
200 901
370
159
378
679
379
687
380
444 510
452 498
153 940
105 946
794 218
5
434 595
569
477
667
72 793
41
321 882
134 65
813 399
251
912 119
602
25
855
863
304 666
258
491
351
107
448
308
639
122
862 46
410 608
515
164
494 384
459 585
504
329
972
241
570
951
125
24
260
767
265
799
167
354
995 53
401 788
270 668
318 637
625 390
539
508
406
100
74
993 86
760 223
576
274
682
814 104
936
327 636
846 295
939
656
77
350 758
374
786
365 715
581 324
197
674 335
19
391
593
796 180
328
886
708
819
929 191
92
212
888
416
414 709
142
805 250
166
296
954
521 403
51 985
114 892
297 911
690
389
232
317
357
787
658
485
13
606
230
616
75
691
772
692
439
348
611
741
931
73
16
562 577
514
222
869
213
560
177
983
966
349
686 527
672
617 586
881 131
680
62
664 465
32 126
734
426 651
60
509
557
707
670 542
528 579
10 57
157 990
454 487
737 288
706
896
638
913
52 806
259 919
665 548
894 54
441
649
489
507
430
333
29
156 36
286
103
294
800 214
538
875
293
804
872 2
721 221
469 449
118 798
726 246
520
610
839
178
279
640
652
780
537 343
27 999
970
404
669
865
549
540
220
976
642
192
292
648
702
148
411
470 445
935
938
110
761
775
22
977 66
181
730
736
316
889
950
397
739
339 578
245
210
653 366
955
219
278
764
803
473
360
342
352
952 171
695 338
596
567
23
437 590
960 185
624 478
797 152
915 928
243 898
837 97
28
1
299
386 883
482 432
852
63
505
302
231 698
609 495
887
724
714 476
204 699
583 464
933
356
992
641
779
48
906
748
